363
93
28
26
Ő
395
93
28
26
Ú
427
93
28
26
Ö
43
161
28
26
Í
267
161
28
26
M
299
161
28
26
Ó
75
161
28
26
Y
107
161
28
26
X
139
161
28
26
C
171
161
28
26
V
235
161
28
26
N
203
161
28
26
B
315
127
28
26
L
347
127
28
26
É
379
127
28
26
Á
411
127
28
26
Ű
443
127
28
26
Ü
250
127
28
26
J
283
127
28
26
K
75
93
28
26
W
107
93
28
26
E
139
93
28
26
R
171
93
28
26
T
203
93
28
26
Z
235
93
28
26
U
267
93
28
26
I
299
93
28
26
O
331
93
28
26
P
58
127
28
26
A
90
127
28
26
S
122
127
28
26
D
154
127
28
26
F
218
127
28
26
H
186
127
28
26
G
43
93
28
26
Q
